1001000000000001
0000000000000001
1001000000000011
1010101010101010
1001000000000101
1111111111111111
0001000000000000
0100000000011000
0000010010000010
0100000000000110
0001000000000000
0101111000100000
0101010011001010
0100000000001100
0101110101000000
0101111010000000
0101011000111110
0000011100001100
0001000000000000
0000000000000000
0000010000000000
0000100010000010
0000110100000100
0001000110000110
0001011000000000
0001100000001010
0100000001111100
0100010010000000
0100100111000100
0100111101111010
0101000010100000
0101011001010110
0101101110001100
0101110010100000
0110001000000111
0000000000000000
0110011100001011
1111111111111111
1000000001110000
1000010000001110
1000100010000000
1000110100000000
1001000000000111
0000000000000000
1001011010001001
0000010110100101
1001101111100001
1110111011101110
1100001110000000
1100011100000000
1100101010000000
1100110000000000
1101000000000000
1101010000000000
1101100000000000
